10468594
10483731
10572815
10779539
10791828
10860721
10898782
10907854
10998352
11134927
11212923
11277691
11719806
12012783
12079642
12107129
12147495
12208979
12270830
12589573
12619691
12702456
12798235
12880768
1333129
1390906
1435235
14712331
14730138
15013982
15067396
15186746
1523408
1536924
15507445
15522793
1556751
15626499
15676949
15695433
15716103
15744487
1586453
159024
1610896
16126243
16226405
16428617
16547044
1663569
17073308
1711035
1733108
17360573
17412994
17435221
17460045
17548373
17760985
1779434
17855442
18359826
1849425
18635900
18979207
19366055
19420683
19527748
19584055
1993881
2006194
20418400
20489226
20667621
2123456
21304703
21478345
21593274
21602325
22019571
22069571
22508719
22530965
23659647
23995932
25154966
25633390
26844570
27397104
2740337
27486440
28327374
29542000
29661199
2987795
2987856
30157454
30214940
30287615
30350256
30802241
30809363
32079477
3215529
3235446
3415967
6327081
6340663
6433545
6715353
6779568
687594
6888519
7222340
7250903
7502452
7619836
7663757
7725795
7741855
7815924
8025727
8033986
8041714
8111025
8113762
8316211
8620040
8631367
8752004
8806175
8806726
9010308
9030726
9127728
9168110
9268298
9315718
9639088
9878563
